Filename: /mnt/apricot1_share1/MathFUNDamentals/ICA_AROMA/groupstats/post/3mm_max_displacement/005T_5_Num_near-far/post_3mm_max_displacement_p01_128voxels_005T_5_Num_near-far_pos_p_unc.01_128vox.txt 


STATISTICS: search volume: /mnt/mabloo1/apricot1_share1/MathFUNDamentals/ICA_AROMA/groupstats/fsl41_greymatter_bin.img
================================================================================
set	set	cluster	cluster	cluster	cluster	peak	peak	peak	peak	peak	
c	p	p(FWE-cor)	p(FDR-cor)	equivk	p(unc)	p(FWE-cor)	p(FDR-cor)	T	equivZ	p(unc)	x,y,z {mm}
--------------------------------------------------------------------------------
0.174	10	0.962	0.930	215	0.073	0.157	0.666	  6.27	 4.51	0.000	 56 -24 -20	
						1.000	0.990	  3.49	 3.01	0.001	 46 -14 -18	
						1.000	0.990	  3.00	 2.67	0.004	 48 -16 -30	
		0.475	0.405	443	0.014	0.508	0.990	  5.37	 4.10	0.000	 20   0 -30	
						0.997	0.990	  4.05	 3.37	0.000	 48   0 -30	
						0.999	0.990	  3.90	 3.27	0.001	 32  -6 -34	
		0.082	0.081	793	0.002	0.654	0.990	  5.12	 3.97	0.000	  0  44  -8	
						0.846	0.990	  4.77	 3.78	0.000	 10  52 -12	
						0.975	0.990	  4.35	 3.55	0.000	  4  52   0	
		0.001	0.002	1798	0.000	0.788	0.990	  4.89	 3.85	0.000	-42   4 -40	
						0.991	0.990	  4.19	 3.46	0.000	-54   4 -16	
						0.994	0.990	  4.13	 3.42	0.000	-24 -20 -22	
		0.759	0.672	325	0.032	0.881	0.990	  4.69	 3.74	0.000	-20   6 -16	
						1.000	0.990	  3.55	 3.05	0.001	-28  16 -18	
						1.000	0.990	  3.15	 2.77	0.003	-18   6  -2	
		0.997	0.930	149	0.128	1.000	0.990	  3.81	 3.22	0.001	 24 -48 -34	
						1.000	0.990	  3.09	 2.73	0.003	 22 -38 -38	
						1.000	0.990	  2.64	 2.40	0.008	 26 -44 -48	
		0.997	0.930	147	0.131	1.000	0.990	  3.81	 3.22	0.001	 20  12 -14	
						1.000	0.990	  3.09	 2.73	0.003	  8  16 -10	
						1.000	0.990	  2.63	 2.39	0.008	 22   4  -6	
		0.996	0.930	152	0.125	1.000	0.990	  3.79	 3.21	0.001	-22 -58  66	
						1.000	0.990	  3.40	 2.95	0.002	-28 -50  64	
		0.929	0.930	242	0.059	1.000	0.990	  3.76	 3.19	0.001	 28 -54  64	
						1.000	0.990	  3.27	 2.86	0.002	 26 -54  56	
						1.000	0.990	  2.66	 2.41	0.008	 16 -62  68	
		0.998	0.930	140	0.139	1.000	0.990	  3.49	 3.01	0.001	-52  22   0	

table shows 3 local maxima more than 8.0mm apart
--------------------------------------------------------------------------------
Height threshold: T = 2.55, p = 0.010 (1.000)
Extent threshold: k = 128 voxels, p = 0.156 (0.999)
Expected voxels per cluster, <k> = 67.291
Expected number of clusters, <c> = 7.05
FWEp: 7.048, FDRp: Inf, FWEc: 1798, FDRc: 1798
Degrees of freedom = [1.0, 18.0]
FWHM = 13.3 13.3 13.3 mm mm mm; 6.6 6.6 6.7 {voxels}
Volume: 1504384 = 188048 voxels = 598.4 resels
Voxel size: 2.0 2.0 2.0 mm mm mm; (resel = 293.54 voxels)

================================================================================

