Filename: /mnt/apricot1_share1/MathFUNDamentals/ICA_AROMA/groupstats/post/3mm_max_displacement/007T_7_Num_all_correct-rest/post_3mm_max_displacement_p01_128voxels_007T_7_Num_all_correct-rest_neg_p_unc.01_128vox.txt 


STATISTICS: search volume: /mnt/mabloo1/apricot1_share1/MathFUNDamentals/ICA_AROMA/groupstats/fsl41_greymatter_bin.img
================================================================================
set	set	cluster	cluster	cluster	cluster	peak	peak	peak	peak	peak	
c	p	p(FWE-cor)	p(FDR-cor)	equivk	p(unc)	p(FWE-cor)	p(FDR-cor)	T	equivZ	p(unc)	x,y,z {mm}
--------------------------------------------------------------------------------
0.309	9	0.000	0.000	9689	0.000	0.025	0.086	  7.45	 4.97	0.000	-52   4  44	
						0.085	0.086	  6.63	 4.66	0.000	-34 -88 -10	
						0.110	0.086	  6.45	 4.58	0.000	-22 -84  12	
		0.000	0.000	6434	0.000	0.069	0.086	  6.76	 4.71	0.000	 40 -74 -10	
						0.350	0.159	  5.62	 4.22	0.000	 38 -70   2	
						0.451	0.159	  5.42	 4.12	0.000	 40 -70 -18	
		0.000	0.000	7915	0.000	0.262	0.159	  5.84	 4.32	0.000	 -2 -20  32	
						0.357	0.159	  5.61	 4.21	0.000	  0  42   8	
						0.539	0.174	  5.26	 4.04	0.000	-10 -24  36	
		0.000	0.000	2280	0.000	0.727	0.194	  4.94	 3.87	0.000	 24 -26  -6	
						0.767	0.194	  4.86	 3.84	0.000	  0 -30 -38	
						0.897	0.238	  4.59	 3.69	0.000	  0 -22 -24	
		0.992	0.519	175	0.119	0.991	0.331	  4.13	 3.42	0.000	 10  10 -18	
						1.000	0.735	  3.11	 2.75	0.003	 14  20  -8	
						1.000	0.735	  3.09	 2.73	0.003	 20  14 -16	
		0.931	0.379	254	0.065	1.000	0.484	  3.75	 3.18	0.001	-38  38  30	
						1.000	0.628	  3.32	 2.90	0.002	-34  30  42	
						1.000	0.698	  3.21	 2.82	0.002	-26  36  28	
		0.878	0.358	288	0.051	1.000	0.492	  3.72	 3.16	0.001	  8 -52 -36	
						1.000	0.502	  3.57	 3.07	0.001	  4 -64 -20	
						1.000	0.674	  3.24	 2.84	0.002	  4 -68 -32	
		0.968	0.417	220	0.083	1.000	0.499	  3.59	 3.08	0.001	 12  -8  20	
						1.000	0.547	  3.48	 3.00	0.001	 12 -22  14	
						1.000	0.704	  3.18	 2.80	0.003	  4  -4  16	
		0.999	0.647	135	0.166	1.000	0.726	  3.14	 2.77	0.003	 44 -34  42	
						1.000	0.735	  3.09	 2.73	0.003	 38 -28  38	

table shows 3 local maxima more than 8.0mm apart
--------------------------------------------------------------------------------
Height threshold: T = 2.55, p = 0.010 (1.000)
Extent threshold: k = 128 voxels, p = 0.177 (0.999)
Expected voxels per cluster, <k> = 74.712
Expected number of clusters, <c> = 7.29
FWEp: 6.983, FDRp: Inf, FWEc: 2280, FDRc: 2280
Degrees of freedom = [1.0, 18.0]
FWHM = 13.6 13.7 14.0 mm mm mm; 6.8 6.9 7.0 {voxels}
Volume: 1504384 = 188048 voxels = 539.0 resels
Voxel size: 2.0 2.0 2.0 mm mm mm; (resel = 325.91 voxels)

================================================================================

