Filename: /mnt/apricot1_share1/MathFUNDamentals/ICA_AROMA/groupstats/pre/10mm_max_displacement/001T_1_Dot_near-far/pre_10mm_max_displacement_p01_128voxels_001T_1_Dot_near-far_pos_p_unc.01_128vox.txt 


STATISTICS: search volume: /mnt/mabloo1/apricot1_share1/MathFUNDamentals/ICA_AROMA/groupstats/fsl41_greymatter_bin.img
================================================================================
set	set	cluster	cluster	cluster	cluster	peak	peak	peak	peak	peak	
c	p	p(FWE-cor)	p(FDR-cor)	equivk	p(unc)	p(FWE-cor)	p(FDR-cor)	T	equivZ	p(unc)	x,y,z {mm}
--------------------------------------------------------------------------------
0.144	11	0.366	0.275	607	0.013	0.083	0.165	  4.96	 4.50	0.000	 -8 -98  20	
						0.999	0.849	  3.26	 3.11	0.001	-16 -102  12	
						1.000	0.965	  2.99	 2.87	0.002	 12 -82   8	
		0.106	0.127	924	0.003	0.143	0.165	  4.77	 4.35	0.000	 32  24   8	
						0.508	0.425	  4.23	 3.92	0.000	 40  16  -4	
						0.781	0.530	  3.94	 3.69	0.000	 28  22  -8	
		0.929	0.599	279	0.075	0.159	0.165	  4.73	 4.32	0.000	-30 -80 -18	
						0.998	0.835	  3.34	 3.18	0.001	-34 -68 -18	
		0.969	0.700	236	0.098	0.198	0.165	  4.64	 4.25	0.000	-12 -84  -6	
		0.131	0.127	869	0.004	0.696	0.530	  4.04	 3.76	0.000	  4  16  54	
						0.878	0.530	  3.81	 3.58	0.000	 -6  12  52	
						0.998	0.835	  3.34	 3.18	0.001	  6  26  38	
		0.761	0.451	384	0.040	0.732	0.530	  4.00	 3.73	0.000	-42 -50 -36	
						1.000	0.965	  2.75	 2.65	0.004	-38 -56 -22	
		0.999	0.941	146	0.186	0.824	0.530	  3.89	 3.64	0.000	 46  46   6	
		0.882	0.553	314	0.061	0.880	0.530	  3.81	 3.58	0.000	-30  22   6	
		0.767	0.451	381	0.041	0.971	0.710	  3.60	 3.40	0.000	 -8  -2  68	
						0.982	0.749	  3.55	 3.36	0.000	-22  -4  66	
						0.993	0.835	  3.45	 3.27	0.001	-18  -4  58	
		0.776	0.451	376	0.042	0.988	0.781	  3.50	 3.32	0.000	 36  36  16	
						0.999	0.849	  3.29	 3.13	0.001	 20  60  34	
						1.000	0.965	  3.12	 2.98	0.001	 42  40  28	
		0.999	0.941	135	0.202	1.000	0.965	  2.94	 2.83	0.002	-46 -36  44	
						1.000	0.965	  2.92	 2.80	0.003	-34 -46  40	
						1.000	0.965	  2.81	 2.71	0.003	-36 -36  42	

table shows 3 local maxima more than 8.0mm apart
--------------------------------------------------------------------------------
Height threshold: T = 2.39, p = 0.010 (1.000)
Extent threshold: k = 128 voxels, p = 0.214 (0.999)
Expected voxels per cluster, <k> = 88.865
Expected number of clusters, <c> = 7.57
FWEp: 5.132, FDRp: Inf, FWEc: Inf, FDRc: Inf
Degrees of freedom = [1.0, 56.0]
FWHM = 14.1 14.1 13.3 mm mm mm; 7.0 7.0 6.6 {voxels}
Volume: 1389248 = 173656 voxels = 532.8 resels
Voxel size: 2.0 2.0 2.0 mm mm mm; (resel = 329.66 voxels)

================================================================================

