Filename: /mnt/apricot1_share1/MathFUNDamentals/ICA_AROMA/groupstats/post/3mm_max_displacement/003T_3_Dot_all_correct-rest/post_3mm_max_displacement_p01_128voxels_003T_3_Dot_all_correct-rest_neg_p_unc.01_128vox.txt 


STATISTICS: search volume: /mnt/mabloo1/apricot1_share1/MathFUNDamentals/ICA_AROMA/groupstats/fsl41_greymatter_bin.img
================================================================================
set	set	cluster	cluster	cluster	cluster	peak	peak	peak	peak	peak	
c	p	p(FWE-cor)	p(FDR-cor)	equivk	p(unc)	p(FWE-cor)	p(FDR-cor)	T	equivZ	p(unc)	x,y,z {mm}
--------------------------------------------------------------------------------
0.257	9	0.000	0.000	2622	0.000	0.012	0.022	  8.06	 5.18	0.000	  4 -14 -12	
						0.070	0.037	  6.85	 4.75	0.000	 -4 -12 -14	
						0.072	0.037	  6.84	 4.74	0.000	  6 -20   0	
		0.000	0.000	9840	0.000	0.013	0.022	  8.02	 5.17	0.000	 28 -74  -8	
						0.028	0.028	  7.49	 4.98	0.000	-10 -86  -4	
						0.033	0.028	  7.37	 4.94	0.000	 16 -74  -4	
		0.028	0.007	967	0.001	0.215	0.076	  6.08	 4.43	0.000	 36  26   6	
						0.912	0.352	  4.64	 3.71	0.000	 54   6  18	
						0.996	0.393	  4.12	 3.41	0.000	 42  18   2	
		0.000	0.000	2364	0.000	0.632	0.198	  5.19	 4.01	0.000	 -6  -8  62	
						0.852	0.321	  4.79	 3.80	0.000	-38 -26  58	
						0.962	0.362	  4.45	 3.61	0.000	-38 -12  64	
		0.925	0.335	237	0.055	0.925	0.352	  4.60	 3.69	0.000	-52 -36  20	
						1.000	0.523	  3.76	 3.18	0.001	-38 -28  18	
						1.000	0.804	  3.08	 2.73	0.003	-46 -32  30	
		0.996	0.646	149	0.119	0.927	0.352	  4.59	 3.69	0.000	 50 -24  34	
		0.725	0.226	327	0.027	0.979	0.362	  4.35	 3.55	0.000	  0 -56 -28	
						1.000	0.619	  3.55	 3.05	0.001	  0 -54 -38	
						1.000	0.645	  3.49	 3.01	0.001	 -8 -62 -30	
		0.813	0.248	292	0.035	0.984	0.362	  4.30	 3.52	0.000	 24  -6  48	
						1.000	0.523	  3.79	 3.20	0.001	 42  -6  58	
		0.731	0.226	325	0.028	1.000	0.645	  3.49	 3.01	0.001	-28  -4  -6	
						1.000	0.804	  3.11	 2.74	0.003	-28   0   4	
						1.000	0.804	  3.05	 2.70	0.003	-24  -8   4	

table shows 3 local maxima more than 8.0mm apart
--------------------------------------------------------------------------------
Height threshold: T = 2.55, p = 0.010 (1.000)
Extent threshold: k = 128 voxels, p = 0.146 (0.999)
Expected voxels per cluster, <k> = 63.620
Expected number of clusters, <c> = 6.89
FWEp: 7.082, FDRp: 6.717, FWEc: 967, FDRc: 967
Degrees of freedom = [1.0, 18.0]
FWHM = 12.9 13.1 13.2 mm mm mm; 6.4 6.5 6.6 {voxels}
Volume: 1504384 = 188048 voxels = 632.9 resels
Voxel size: 2.0 2.0 2.0 mm mm mm; (resel = 277.52 voxels)

================================================================================

