Filename: /mnt/apricot1_share1/MathFUNDamentals/ICA_AROMA/groupstats/post/ALL_no_mvmnt_criteria/005T_5_Num_near-far/post_ALL_no_mvmnt_criteria_p01_128voxels_005T_5_Num_near-far_pos_p_unc.01_128vox.txt 


STATISTICS: search volume: /mnt/mabloo1/apricot1_share1/MathFUNDamentals/ICA_AROMA/groupstats/fsl41_greymatter_bin.img
================================================================================
set	set	cluster	cluster	cluster	cluster	peak	peak	peak	peak	peak	
c	p	p(FWE-cor)	p(FDR-cor)	equivk	p(unc)	p(FWE-cor)	p(FDR-cor)	T	equivZ	p(unc)	x,y,z {mm}
--------------------------------------------------------------------------------
0.365	9	0.000	0.000	4916	0.000	0.488	0.918	  4.19	 3.90	0.000	 -6 -80   4	
						0.638	0.918	  4.04	 3.77	0.000	 18 -92  32	
						0.759	0.918	  3.90	 3.66	0.000	  4 -80   0	
		0.774	0.947	414	0.048	0.892	0.918	  3.73	 3.51	0.000	  8 -20 -12	
						0.953	0.918	  3.60	 3.40	0.000	-14 -32 -16	
						1.000	0.918	  3.01	 2.89	0.002	-26 -16  -6	
		0.998	0.947	159	0.202	0.978	0.918	  3.50	 3.32	0.000	-26  44  46	
						0.997	0.918	  3.32	 3.16	0.001	-42  26  48	
						1.000	0.918	  3.14	 3.01	0.001	-34  42  42	
		0.919	0.947	311	0.082	0.982	0.918	  3.48	 3.30	0.000	-40 -52 -32	
						0.993	0.918	  3.39	 3.22	0.001	-36 -42 -30	
						1.000	0.918	  3.11	 2.98	0.001	-42 -44 -20	
		0.999	0.947	142	0.227	0.989	0.918	  3.43	 3.26	0.001	-46   4 -20	
		0.999	0.947	136	0.236	0.999	0.918	  3.21	 3.06	0.001	-40 -90   8	
						1.000	0.918	  3.08	 2.95	0.002	-46 -84   4	
						1.000	0.918	  3.04	 2.91	0.002	-34 -94  -6	
		0.999	0.947	148	0.217	1.000	0.918	  3.17	 3.03	0.001	 62   2  28	
						1.000	0.918	  2.93	 2.82	0.002	 48  -6  24	
		0.996	0.947	175	0.181	1.000	0.918	  2.98	 2.86	0.002	  2  44  -8	
						1.000	0.943	  2.74	 2.65	0.004	 10  44   0	
						1.000	0.943	  2.68	 2.59	0.005	 10  44 -12	
		0.999	0.947	135	0.238	1.000	0.918	  2.93	 2.81	0.002	 24 -54  62	
						1.000	0.918	  2.90	 2.79	0.003	 24 -68  60	

table shows 3 local maxima more than 8.0mm apart
--------------------------------------------------------------------------------
Height threshold: T = 2.39, p = 0.010 (1.000)
Extent threshold: k = 128 voxels, p = 0.250 (1.000)
Expected voxels per cluster, <k> = 104.353
Expected number of clusters, <c> = 7.70
FWEp: 5.073, FDRp: Inf, FWEc: 4916, FDRc: 4916
Degrees of freedom = [1.0, 57.0]
FWHM = 14.6 14.7 14.4 mm mm mm; 7.3 7.3 7.2 {voxels}
Volume: 1324688 = 165586 voxels = 454.3 resels
Voxel size: 2.0 2.0 2.0 mm mm mm; (resel = 386.62 voxels)

================================================================================

