Filename: /mnt/apricot1_share1/MathFUNDamentals/ICA_AROMA/groupstats/pre/3mm_max_displacement/005T_5_Num_near-far/pre_3mm_max_displacement_p01_128voxels_005T_5_Num_near-far_pos_p_unc.01_128vox.txt 


STATISTICS: search volume: /mnt/mabloo1/apricot1_share1/MathFUNDamentals/ICA_AROMA/groupstats/fsl41_greymatter_bin.img
================================================================================
set	set	cluster	cluster	cluster	cluster	peak	peak	peak	peak	peak	
c	p	p(FWE-cor)	p(FDR-cor)	equivk	p(unc)	p(FWE-cor)	p(FDR-cor)	T	equivZ	p(unc)	x,y,z {mm}
--------------------------------------------------------------------------------
0.005	14	0.000	0.000	12890	0.000	0.048	0.171	  6.22	 4.82	0.000	  2 -94   8	
						0.072	0.171	  6.01	 4.72	0.000	-12 -68  42	
						0.140	0.171	  5.68	 4.54	0.000	 -2 -70   8	
		0.072	0.016	676	0.001	0.192	0.171	  5.52	 4.45	0.000	 52   8  44	
						0.704	0.266	  4.68	 3.95	0.000	 44  -8  62	
						0.998	0.450	  3.86	 3.40	0.000	 30  -4  70	
		0.026	0.009	842	0.000	0.377	0.190	  5.14	 4.23	0.000	 28  40  24	
						0.404	0.192	  5.10	 4.21	0.000	 32  58  26	
						1.000	0.719	  3.13	 2.86	0.002	 18  54   8	
		0.865	0.235	241	0.036	0.506	0.232	  4.95	 4.12	0.000	 18  30   8	
						0.999	0.457	  3.82	 3.37	0.000	 16  22   6	
						1.000	0.719	  3.14	 2.86	0.002	 10  14   4	
		0.067	0.016	686	0.001	0.635	0.264	  4.78	 4.01	0.000	-22 -30 -42	
						0.996	0.450	  3.92	 3.44	0.000	-20 -42 -46	
						1.000	0.488	  3.69	 3.28	0.001	-30 -48 -32	
		0.991	0.464	155	0.084	0.672	0.264	  4.73	 3.98	0.000	 32  30   8	
						1.000	0.903	  2.64	 2.47	0.007	 32  14  -2	
		0.860	0.235	243	0.035	0.843	0.343	  4.48	 3.82	0.000	-16  28   8	
						0.864	0.356	  4.44	 3.80	0.000	-18  20  12	
						0.997	0.450	  3.89	 3.42	0.000	-20  20   4	
		0.673	0.160	307	0.020	0.933	0.396	  4.29	 3.70	0.000	 36 -16  46	
						0.956	0.396	  4.22	 3.65	0.000	 32  -4  42	
						1.000	0.817	  2.86	 2.64	0.004	 26 -12  48	
		0.029	0.009	826	0.001	0.958	0.396	  4.21	 3.64	0.000	  6 -22  32	
						0.990	0.443	  4.02	 3.51	0.000	 -6 -18  30	
						0.990	0.443	  4.02	 3.51	0.000	 -6 -28  34	
		0.414	0.086	398	0.010	0.976	0.412	  4.12	 3.58	0.000	-12  18  28	
						1.000	0.522	  3.59	 3.21	0.001	-12  22  36	
						1.000	0.522	  3.58	 3.20	0.001	-14  32  24	
		0.003	0.002	1204	0.000	0.986	0.435	  4.06	 3.54	0.000	-24  36  24	
						0.990	0.443	  4.02	 3.51	0.000	-30  44  24	
						1.000	0.573	  3.48	 3.12	0.001	-34  34  44	
		0.089	0.017	642	0.002	0.994	0.450	  3.97	 3.47	0.000	-36  -8  56	
						0.997	0.450	  3.89	 3.42	0.000	-40  -6  46	
						1.000	0.543	  3.52	 3.15	0.001	-24 -18  54	
		0.975	0.396	178	0.066	1.000	0.481	  3.74	 3.32	0.000	-52 -50  32	
						1.000	0.891	  2.68	 2.49	0.006	-58 -44  26	
		0.995	0.491	143	0.095	1.000	0.719	  3.19	 2.90	0.002	 -4 -14  70	
						1.000	0.804	  2.89	 2.67	0.004	  4  -8  66	
						1.000	0.869	  2.77	 2.57	0.005	-10 -10  76	

table shows 3 local maxima more than 8.0mm apart
--------------------------------------------------------------------------------
Height threshold: T = 2.48, p = 0.010 (1.000)
Extent threshold: k = 128 voxels, p = 0.113 (0.998)
Expected voxels per cluster, <k> = 52.793
Expected number of clusters, <c> = 6.29
FWEp: 6.194, FDRp: Inf, FWEc: 826, FDRc: 642
Degrees of freedom = [1.0, 26.0]
FWHM = 11.8 11.9 12.2 mm mm mm; 5.9 5.9 6.1 {voxels}
Volume: 1500064 = 187508 voxels = 821.8 resels
Voxel size: 2.0 2.0 2.0 mm mm mm; (resel = 213.73 voxels)

================================================================================

