Filename: /mnt/apricot1_share1/MathFUNDamentals/ICA_AROMA/groupstats/pre/ALL_no_mvmnt_criteria/001T_1_Dot_near-far/pre_ALL_no_mvmnt_criteria_p01_128voxels_001T_1_Dot_near-far_pos_p_unc.01_128vox.txt 


STATISTICS: search volume: /mnt/mabloo1/apricot1_share1/MathFUNDamentals/ICA_AROMA/groupstats/fsl41_greymatter_bin.img
================================================================================
set	set	cluster	cluster	cluster	cluster	peak	peak	peak	peak	peak	
c	p	p(FWE-cor)	p(FDR-cor)	equivk	p(unc)	p(FWE-cor)	p(FDR-cor)	T	equivZ	p(unc)	x,y,z {mm}
--------------------------------------------------------------------------------
0.342	9	0.302	0.251	641	0.010	0.160	0.308	  4.67	 4.32	0.000	 34  22  12	
						0.995	0.946	  3.42	 3.27	0.001	 40  14  -4	
						1.000	0.946	  3.14	 3.02	0.001	 28  20 -10	
		0.995	0.940	174	0.144	0.208	0.308	  4.58	 4.24	0.000	-32 -82 -16	
						1.000	0.946	  2.79	 2.70	0.003	-36 -70 -18	
		0.252	0.251	686	0.008	0.598	0.800	  4.10	 3.85	0.000	-16 -98  22	
						0.826	0.946	  3.86	 3.65	0.000	-10 -86  -8	
						0.998	0.946	  3.36	 3.21	0.001	 -6 -94  16	
		0.998	0.940	151	0.172	0.960	0.946	  3.62	 3.44	0.000	 42  42  28	
						1.000	0.946	  2.77	 2.69	0.004	 32  38  18	
		0.925	0.903	278	0.071	0.983	0.946	  3.52	 3.36	0.000	-30  22   8	
						0.996	0.946	  3.40	 3.25	0.001	-30  26   0	
						1.000	0.946	  2.57	 2.50	0.006	-28  14 -10	
		0.999	0.940	133	0.198	0.995	0.946	  3.41	 3.25	0.001	-22  -4  66	
						1.000	0.946	  3.06	 2.94	0.002	-12   2  68	
		0.501	0.324	509	0.019	0.999	0.946	  3.30	 3.16	0.001	  6  26  40	
						1.000	0.946	  3.24	 3.11	0.001	  4   8  56	
						1.000	0.946	  2.93	 2.83	0.002	 -6  14  50	
		0.977	0.940	221	0.103	1.000	0.946	  3.25	 3.11	0.001	 48 -36  50	
						1.000	0.946	  2.86	 2.76	0.003	 40 -50  60	
						1.000	0.946	  2.72	 2.63	0.004	 34 -56  62	
		0.999	0.940	134	0.196	1.000	0.946	  2.89	 2.79	0.003	-40 -50 -40	
						1.000	0.946	  2.78	 2.69	0.004	-28 -54 -36	
						1.000	0.946	  2.77	 2.68	0.004	-32 -60 -32	

table shows 3 local maxima more than 8.0mm apart
--------------------------------------------------------------------------------
Height threshold: T = 2.39, p = 0.010 (1.000)
Extent threshold: k = 128 voxels, p = 0.206 (0.999)
Expected voxels per cluster, <k> = 85.808
Expected number of clusters, <c> = 7.53
FWEp: 5.066, FDRp: Inf, FWEc: Inf, FDRc: Inf
Degrees of freedom = [1.0, 64.0]
FWHM = 14.2 14.0 12.7 mm mm mm; 7.1 7.0 6.4 {voxels}
Volume: 1309072 = 163634 voxels = 557.0 resels
Voxel size: 2.0 2.0 2.0 mm mm mm; (resel = 315.38 voxels)

================================================================================

