Filename: /mnt/apricot1_share1/MathFUNDamentals/ICA_AROMA/groupstats/post/ALL_no_mvmnt_criteria/001T_1_Dot_near-far/post_ALL_no_mvmnt_criteria_p01_128voxels_001T_1_Dot_near-far_pos_p_unc.01_128vox.txt 


STATISTICS: search volume: /mnt/mabloo1/apricot1_share1/MathFUNDamentals/ICA_AROMA/groupstats/fsl41_greymatter_bin.img
================================================================================
set	set	cluster	cluster	cluster	cluster	peak	peak	peak	peak	peak	
c	p	p(FWE-cor)	p(FDR-cor)	equivk	p(unc)	p(FWE-cor)	p(FDR-cor)	T	equivZ	p(unc)	x,y,z {mm}
--------------------------------------------------------------------------------
0.090	12	0.008	0.006	1796	0.000	0.135	0.430	  4.74	 4.34	0.000	 10  16  44	
						0.210	0.430	  4.58	 4.21	0.000	  6  24  42	
						0.318	0.430	  4.41	 4.07	0.000	  8  26  32	
		0.175	0.080	866	0.006	0.345	0.430	  4.37	 4.04	0.000	-24 -56  52	
						0.977	0.710	  3.53	 3.34	0.000	-40 -34  44	
						0.998	0.710	  3.30	 3.14	0.001	-36 -40  52	
		0.001	0.001	2620	0.000	0.408	0.430	  4.29	 3.98	0.000	 20 -96  24	
						0.544	0.517	  4.15	 3.86	0.000	 12 -92  36	
						0.882	0.676	  3.76	 3.54	0.000	 -8 -46   0	
		0.072	0.042	1116	0.002	0.664	0.517	  4.02	 3.76	0.000	 42 -38  48	
						0.679	0.517	  4.01	 3.75	0.000	 32 -50  54	
						1.000	0.789	  2.91	 2.80	0.003	 14 -64  60	
		0.404	0.171	628	0.016	0.869	0.676	  3.78	 3.56	0.000	 48   2  28	
						0.991	0.710	  3.42	 3.25	0.001	 34  16  22	
						0.996	0.710	  3.36	 3.19	0.001	 34  32  28	
		0.844	0.488	360	0.058	0.883	0.676	  3.76	 3.54	0.000	 20 -30  24	
						0.995	0.710	  3.37	 3.21	0.001	 16 -18  18	
						0.999	0.710	  3.26	 3.11	0.001	 14  -6  10	
		0.958	0.526	263	0.099	0.987	0.710	  3.46	 3.28	0.001	 26  -6  58	
						1.000	0.789	  2.94	 2.83	0.002	 16   2  66	
						1.000	0.875	  2.70	 2.61	0.005	 12   4  56	
		0.988	0.668	208	0.139	0.988	0.710	  3.46	 3.28	0.001	  2 -100   4	
						0.996	0.710	  3.36	 3.20	0.001	 16 -100   0	
						1.000	0.722	  3.17	 3.03	0.001	  0 -88  -4	
		0.999	0.945	138	0.223	0.996	0.710	  3.36	 3.20	0.001	-26 -78 -20	
		0.873	0.488	340	0.065	0.999	0.722	  3.22	 3.07	0.001	 34  26   4	
						1.000	0.722	  3.16	 3.02	0.001	 32  18   8	
						1.000	0.744	  3.03	 2.90	0.002	 42  14  -8	
		0.919	0.520	304	0.079	1.000	0.722	  3.18	 3.04	0.001	-34  20  20	
						1.000	0.722	  3.17	 3.03	0.001	-26  32  26	
						1.000	0.789	  2.94	 2.82	0.002	-42  28  40	
		0.954	0.526	268	0.096	1.000	0.744	  3.03	 2.90	0.002	-24  -6  56	
						1.000	0.789	  2.89	 2.78	0.003	-18  -6  68	

table shows 3 local maxima more than 8.0mm apart
--------------------------------------------------------------------------------
Height threshold: T = 2.39, p = 0.010 (1.000)
Extent threshold: k = 128 voxels, p = 0.240 (1.000)
Expected voxels per cluster, <k> = 99.603
Expected number of clusters, <c> = 7.67
FWEp: 5.087, FDRp: Inf, FWEc: 1796, FDRc: 1116
Degrees of freedom = [1.0, 57.0]
FWHM = 14.5 14.7 13.8 mm mm mm; 7.3 7.3 6.9 {voxels}
Volume: 1324688 = 165586 voxels = 476.0 resels
Voxel size: 2.0 2.0 2.0 mm mm mm; (resel = 369.02 voxels)

================================================================================

