Filename: /mnt/apricot1_share1/MathFUNDamentals/ICA_AROMA/groupstats/pre/3mm_max_displacement/001T_1_Dot_near-far/pre_3mm_max_displacement_p01_128voxels_001T_1_Dot_near-far_pos_p_unc.01_128vox.txt 


STATISTICS: search volume: /mnt/mabloo1/apricot1_share1/MathFUNDamentals/ICA_AROMA/groupstats/fsl41_greymatter_bin.img
================================================================================
set	set	cluster	cluster	cluster	cluster	peak	peak	peak	peak	peak	
c	p	p(FWE-cor)	p(FDR-cor)	equivk	p(unc)	p(FWE-cor)	p(FDR-cor)	T	equivZ	p(unc)	x,y,z {mm}
--------------------------------------------------------------------------------
0.355	9	0.046	0.027	1188	0.001	0.358	0.690	  4.92	 4.10	0.000	  6  20  52	
						0.482	0.690	  4.73	 3.98	0.000	  4  28  58	
						0.941	0.946	  4.00	 3.50	0.000	  8  12  56	
		0.000	0.000	2903	0.000	0.388	0.690	  4.87	 4.07	0.000	 44  46  28	
						0.422	0.690	  4.82	 4.04	0.000	 34  20  14	
						0.888	0.946	  4.13	 3.59	0.000	 48  50  12	
		0.223	0.110	763	0.007	0.756	0.946	  4.35	 3.74	0.000	-36  22   2	
						0.993	0.946	  3.70	 3.28	0.001	-46  18  -4	
		0.961	0.943	253	0.096	0.760	0.946	  4.35	 3.73	0.000	 40 -36  40	
		0.986	0.943	209	0.127	0.892	0.946	  4.12	 3.58	0.000	 50 -44  58	
						1.000	0.946	  2.70	 2.51	0.006	 32 -60  62	
						1.000	0.975	  2.55	 2.39	0.008	 28 -56  56	
		0.000	0.000	2613	0.000	0.981	0.946	  3.82	 3.37	0.000	 -8 -76  12	
						0.982	0.946	  3.82	 3.37	0.000	-32 -72 -20	
						0.982	0.946	  3.81	 3.37	0.000	-32 -80 -14	
		0.999	0.943	132	0.218	0.989	0.946	  3.76	 3.33	0.000	-30  52  34	
						1.000	0.946	  2.95	 2.71	0.003	-46  40  28	
		0.996	0.943	169	0.166	1.000	0.946	  3.39	 3.06	0.001	-36 -46  40	
						1.000	0.946	  3.19	 2.91	0.002	-24 -48  50	
		0.999	0.943	134	0.215	1.000	0.946	  3.32	 3.00	0.001	-20 -68 -46	
						1.000	0.946	  3.13	 2.85	0.002	-32 -60 -44	
						1.000	0.946	  2.81	 2.61	0.005	-40 -54 -42	

table shows 3 local maxima more than 8.0mm apart
--------------------------------------------------------------------------------
Height threshold: T = 2.48, p = 0.010 (1.000)
Extent threshold: k = 128 voxels, p = 0.225 (1.000)
Expected voxels per cluster, <k> = 93.531
Expected number of clusters, <c> = 7.62
FWEp: 5.941, FDRp: Inf, FWEc: 1188, FDRc: 1188
Degrees of freedom = [1.0, 26.0]
FWHM = 14.4 14.4 14.5 mm mm mm; 7.2 7.2 7.3 {voxels}
Volume: 1500064 = 187508 voxels = 463.9 resels
Voxel size: 2.0 2.0 2.0 mm mm mm; (resel = 378.66 voxels)

================================================================================

