Filename: /mnt/apricot1_share1/MathFUNDamentals/ICA_AROMA/groupstats/post/10mm_max_displacement/001T_1_Dot_near-far/post_10mm_max_displacement_p01_128voxels_001T_1_Dot_near-far_pos_p_unc.01_128vox.txt 


STATISTICS: search volume: /mnt/mabloo1/apricot1_share1/MathFUNDamentals/ICA_AROMA/groupstats/fsl41_greymatter_bin.img
================================================================================
set	set	cluster	cluster	cluster	cluster	peak	peak	peak	peak	peak	
c	p	p(FWE-cor)	p(FDR-cor)	equivk	p(unc)	p(FWE-cor)	p(FDR-cor)	T	equivZ	p(unc)	x,y,z {mm}
--------------------------------------------------------------------------------
0.091	12	0.006	0.006	2002	0.000	0.022	0.121	  5.42	 4.79	0.000	  6  26  42	
						0.178	0.354	  4.68	 4.25	0.000	 10  18  44	
						0.326	0.426	  4.43	 4.05	0.000	 -6  24  32	
		0.000	0.000	5050	0.000	0.101	0.288	  4.89	 4.41	0.000	 20 -96  26	
						0.412	0.467	  4.32	 3.97	0.000	 -2 -78  12	
						0.600	0.467	  4.11	 3.80	0.000	  8 -92  30	
		0.132	0.062	987	0.005	0.314	0.426	  4.44	 4.07	0.000	-24 -56  52	
						0.975	0.588	  3.54	 3.33	0.000	-40 -34  46	
						0.989	0.614	  3.45	 3.26	0.001	-36 -40  50	
		0.035	0.026	1390	0.001	0.480	0.467	  4.24	 3.90	0.000	 42 -38  50	
						0.835	0.507	  3.84	 3.58	0.000	 32 -52  54	
						0.990	0.614	  3.44	 3.25	0.001	 24 -68  40	
		0.793	0.494	404	0.052	0.636	0.467	  4.07	 3.77	0.000	 20 -30  24	
						0.986	0.614	  3.48	 3.28	0.001	 12 -22  26	
						1.000	0.748	  3.07	 2.93	0.002	 12 -12  18	
		0.112	0.062	1035	0.004	0.839	0.507	  3.84	 3.58	0.000	 34  16  22	
						0.958	0.588	  3.61	 3.39	0.000	 36  30  26	
						0.971	0.588	  3.56	 3.35	0.000	 48   2  28	
		0.999	0.947	136	0.238	0.849	0.507	  3.82	 3.57	0.000	-12 -28  24	
						1.000	0.766	  2.91	 2.79	0.003	-18 -14  20	
		0.996	0.947	180	0.178	0.965	0.588	  3.58	 3.37	0.000	 26  -8  58	
						1.000	0.925	  2.67	 2.57	0.005	 24   2  72	
						1.000	0.992	  2.54	 2.45	0.007	 18   0  66	
		0.655	0.389	487	0.035	0.991	0.614	  3.44	 3.24	0.001	 32  26   4	
						0.999	0.726	  3.28	 3.11	0.001	 44  12  -8	
						0.999	0.727	  3.26	 3.09	0.001	 32  18   8	
		0.966	0.827	258	0.111	0.997	0.720	  3.33	 3.15	0.001	-22  -6  56	
						1.000	0.855	  2.76	 2.65	0.004	-20  -4  66	
		0.996	0.947	177	0.181	0.999	0.726	  3.28	 3.11	0.001	-38  14   4	
						1.000	0.748	  3.09	 2.95	0.002	-32  14  12	
		0.873	0.567	350	0.068	0.999	0.727	  3.26	 3.09	0.001	-30  32  30	
						1.000	0.748	  3.19	 3.03	0.001	-30  24  36	
						1.000	0.748	  3.16	 3.01	0.001	-42  28  38	

table shows 3 local maxima more than 8.0mm apart
--------------------------------------------------------------------------------
Height threshold: T = 2.40, p = 0.010 (1.000)
Extent threshold: k = 128 voxels, p = 0.252 (1.000)
Expected voxels per cluster, <k> = 105.269
Expected number of clusters, <c> = 7.70
FWEp: 5.141, FDRp: Inf, FWEc: 1390, FDRc: 1390
Degrees of freedom = [1.0, 51.0]
FWHM = 14.9 14.9 14.2 mm mm mm; 7.4 7.5 7.1 {voxels}
Volume: 1349720 = 168715 voxels = 446.5 resels
Voxel size: 2.0 2.0 2.0 mm mm mm; (resel = 393.39 voxels)

================================================================================

