Filename: /mnt/apricot1_share1/MathFUNDamentals/ICA_AROMA/groupstats/post/6mm_max_displacement/005T_5_Num_near-far/post_6mm_max_displacement_p01_128voxels_005T_5_Num_near-far_pos_p_unc.01_128vox.txt 


STATISTICS: search volume: /mnt/mabloo1/apricot1_share1/MathFUNDamentals/ICA_AROMA/groupstats/fsl41_greymatter_bin.img
================================================================================
set	set	cluster	cluster	cluster	cluster	peak	peak	peak	peak	peak	
c	p	p(FWE-cor)	p(FDR-cor)	equivk	p(unc)	p(FWE-cor)	p(FDR-cor)	T	equivZ	p(unc)	x,y,z {mm}
--------------------------------------------------------------------------------
0.012	15	0.020	0.030	1406	0.001	0.146	0.927	  4.94	 4.35	0.000	-30 -10 -32	
						0.493	0.927	  4.37	 3.94	0.000	-52   4 -30	
						0.734	0.927	  4.10	 3.73	0.000	-40 -16 -28	
		0.322	0.379	660	0.011	0.383	0.927	  4.51	 4.04	0.000	 58   8 -22	
						0.607	0.927	  4.24	 3.84	0.000	 56  -4 -34	
						0.725	0.927	  4.11	 3.74	0.000	 48   2 -34	
		0.837	0.797	350	0.053	0.700	0.927	  4.14	 3.76	0.000	 -2 -26 -12	
						0.761	0.927	  4.07	 3.71	0.000	  6 -24 -14	
						0.889	0.975	  3.88	 3.56	0.000	 10 -18  -8	
		0.016	0.030	1479	0.000	0.882	0.975	  3.90	 3.57	0.000	 -6 -82   4	
						0.916	0.975	  3.83	 3.52	0.000	  2 -70   4	
						0.999	0.990	  3.32	 3.10	0.001	 24 -46  -8	
		0.829	0.797	355	0.052	0.923	0.975	  3.82	 3.51	0.000	-38 -50 -36	
						1.000	0.990	  3.12	 2.94	0.002	-56 -42 -26	
						1.000	0.990	  3.11	 2.93	0.002	-36 -40 -30	
		0.895	0.797	312	0.066	0.974	0.990	  3.66	 3.38	0.000	-52  22   0	
						1.000	0.990	  3.08	 2.90	0.002	-60  18   8	
						1.000	0.997	  2.42	 2.33	0.010	-56   8   0	
		0.942	0.833	273	0.083	0.978	0.990	  3.64	 3.37	0.000	-26 -50  60	
						0.999	0.990	  3.38	 3.15	0.001	-20 -64  56	
		0.995	0.943	176	0.157	0.978	0.990	  3.64	 3.37	0.000	 20  14 -16	
						0.996	0.990	  3.46	 3.22	0.001	 16   2 -24	
						1.000	0.990	  2.86	 2.71	0.003	 10  10 -18	
		0.994	0.943	180	0.152	0.979	0.990	  3.63	 3.36	0.000	-62   6  22	
						1.000	0.990	  3.11	 2.93	0.002	-54   0  24	
						1.000	0.990	  2.75	 2.62	0.004	-42   2  22	
		0.913	0.797	298	0.072	0.980	0.990	  3.63	 3.36	0.000	 24 -56  62	
						1.000	0.990	  2.79	 2.65	0.004	 16 -54  50	
						1.000	0.990	  2.54	 2.43	0.007	 32 -48  66	
		0.902	0.797	307	0.068	0.991	0.990	  3.55	 3.29	0.000	 -4 -94  26	
						1.000	0.990	  3.31	 3.10	0.001	-28 -94  24	
						1.000	0.990	  3.17	 2.98	0.001	-18 -94  32	
		0.769	0.797	389	0.043	0.996	0.990	  3.48	 3.23	0.001	 32  -8 -34	
						0.999	0.990	  3.32	 3.11	0.001	 46 -16 -30	
						1.000	0.990	  3.21	 3.01	0.001	 42 -30  -4	
		0.996	0.943	168	0.166	0.999	0.990	  3.36	 3.14	0.001	-10 -18  18	
						1.000	0.990	  3.30	 3.09	0.001	-16   0  22	
						1.000	0.990	  2.72	 2.59	0.005	-18  -8  22	
		0.998	0.943	155	0.182	0.999	0.990	  3.34	 3.12	0.001	-28 -18   0	
						1.000	0.990	  2.69	 2.56	0.005	-28  -8   2	
		0.991	0.943	195	0.137	1.000	0.990	  3.28	 3.07	0.001	 56  22  10	
						1.000	0.990	  3.22	 3.02	0.001	 46  30  12	
						1.000	0.990	  2.89	 2.74	0.003	 36  32  18	

table shows 3 local maxima more than 8.0mm apart
--------------------------------------------------------------------------------
Height threshold: T = 2.42, p = 0.010 (1.000)
Extent threshold: k = 128 voxels, p = 0.223 (1.000)
Expected voxels per cluster, <k> = 92.642
Expected number of clusters, <c> = 7.61
FWEp: 5.356, FDRp: Inf, FWEc: 1406, FDRc: 1406
Degrees of freedom = [1.0, 41.0]
FWHM = 14.1 14.2 14.1 mm mm mm; 7.1 7.1 7.1 {voxels}
Volume: 1386888 = 173361 voxels = 497.3 resels
Voxel size: 2.0 2.0 2.0 mm mm mm; (resel = 353.23 voxels)

================================================================================

