Filename: /mnt/apricot1_share1/MathFUNDamentals/ICA_AROMA/groupstats/pre/3mm_max_displacement/007T_7_Num_all_correct-rest/pre_3mm_max_displacement_p01_128voxels_007T_7_Num_all_correct-rest_neg_p_unc.01_128vox.txt 


STATISTICS: search volume: /mnt/mabloo1/apricot1_share1/MathFUNDamentals/ICA_AROMA/groupstats/fsl41_greymatter_bin.img
================================================================================
set	set	cluster	cluster	cluster	cluster	peak	peak	peak	peak	peak	
c	p	p(FWE-cor)	p(FDR-cor)	equivk	p(unc)	p(FWE-cor)	p(FDR-cor)	T	equivZ	p(unc)	x,y,z {mm}
--------------------------------------------------------------------------------
0.253	9	0.000	0.000	6916	0.000	0.002	0.002	  7.77	 5.54	0.000	-34 -62 -12	
						0.002	0.002	  7.64	 5.48	0.000	-36 -82 -10	
						0.019	0.007	  6.59	 5.01	0.000	-18 -86  10	
		0.000	0.000	6456	0.000	0.015	0.007	  6.70	 5.06	0.000	 38 -60 -12	
						0.034	0.010	  6.31	 4.87	0.000	 28 -70  -4	
						0.042	0.010	  6.20	 4.82	0.000	 26 -74  30	
		0.000	0.000	2169	0.000	0.016	0.007	  6.68	 5.05	0.000	 -8 -28  -4	
						0.139	0.023	  5.61	 4.50	0.000	 -6 -22 -12	
						0.172	0.027	  5.50	 4.44	0.000	-18 -28  -2	
		0.295	0.039	516	0.007	0.737	0.140	  4.56	 3.87	0.000	 -8 -38 -44	
						0.958	0.253	  4.13	 3.59	0.000	  0 -54 -36	
						1.000	0.719	  3.06	 2.80	0.003	-18 -40 -48	
		0.009	0.002	1178	0.000	0.948	0.248	  4.16	 3.61	0.000	 52   4  32	
						0.980	0.288	  4.02	 3.51	0.000	 38   4  30	
						0.991	0.310	  3.93	 3.45	0.000	 38  -2  38	
		0.190	0.027	598	0.004	0.997	0.361	  3.82	 3.37	0.000	-10   2  54	
						1.000	0.526	  3.40	 3.06	0.001	-14 -24  48	
						1.000	0.543	  3.35	 3.03	0.001	  8   2  54	
		0.996	0.525	152	0.113	0.998	0.367	  3.77	 3.34	0.000	 34   4 -42	
						1.000	0.526	  3.39	 3.06	0.001	 28  14 -36	
		0.131	0.022	666	0.003	1.000	0.430	  3.65	 3.25	0.001	-38  -8  52	
						1.000	0.433	  3.63	 3.23	0.001	-32 -26  62	
						1.000	0.614	  3.22	 2.93	0.002	-44  -2  38	
		0.998	0.542	134	0.135	1.000	0.514	  3.43	 3.09	0.001	-22   8   0	

table shows 3 local maxima more than 8.0mm apart
--------------------------------------------------------------------------------
Height threshold: T = 2.48, p = 0.010 (1.000)
Extent threshold: k = 128 voxels, p = 0.144 (0.999)
Expected voxels per cluster, <k> = 62.941
Expected number of clusters, <c> = 6.86
FWEp: 6.116, FDRp: 5.343, FWEc: 1178, FDRc: 516
Degrees of freedom = [1.0, 26.0]
FWHM = 12.6 12.7 12.8 mm mm mm; 6.3 6.3 6.4 {voxels}
Volume: 1500064 = 187508 voxels = 689.3 resels
Voxel size: 2.0 2.0 2.0 mm mm mm; (resel = 254.82 voxels)

================================================================================

